0	1	37
0	2	41
1	0	37
1	3	37
1	4	279
2	0	41
2	3	84
2	5	182
3	1	37
3	2	84
3	7	220
4	1	279
4	6	115
4	7	121
5	2	182
5	7	314
5	9	353
5	12	224
5	10	207
6	4	115
6	7	161
6	8	306
7	3	220
7	4	121
7	6	161
7	8	295
7	9	257
7	5	314
8	6	306
8	9	173
8	7	295
9	8	173
9	7	257
9	5	353
9	12	275
10	5	207
10	12	189
10	11	87
11	10	87
11	13	146
12	5	224
12	10	189
12	9	275
12	13	181
13	12	181
13	11	146
